; KêPLET 2.0 defin°ci¢sf†jl

[Konstansok:]
GAMMA   = 6.6720000000E-11
KELEKTR = 9.0000000000E+09
E0      = 8.8541878180E-12
KMAGNES = 2.0000000000E-07
MU0     = 1.2566370614E-06
FARAD   = 9.6484550000E+04
C       = 2.9979245800E+08
NA      = 6.0220450000E+23
NL      = 2.6867540000E+25
VM      = 2.2413830000E-02
VM0     = 2.4465000000E-02
R       = 8.3144100000E+00
K       = 1.3806620000E-23
BETA    = 3.6609921289E-03
H       = 6.6261760000E-34
HV      = 1.0545887000E-34
U       = 1.6605655000E-27
MUB     = 9.2740780000E-24
MUM     = 5.0508240000E-27
QE      = 1.6021892000E-19
ME      = 9.1095340000E-31
QEFAJL  = 1.7588047000E+11
MUE     = 9.2847701000E-24
RE      = 2.8179380000E-15
MP      = 1.6726485000E-27
QPFAJL  = 9.5794000000E+07
MUP     = 1.4106076100E-26
LAMBDACP= 1.3214099000E-15
MN      = 1.6749543000E-27
MUN     =-9.6632340000E-27
LAMBDACN= 1.3195909000E-15
MD      = 3.3435000000E-27
MUD     = 4.3287810000E-27
MALFA   = 6.6447000000E-27
QAFAJL  = 4.8204000000E+07
MH      = 1.6734300000E-27
A0      = 5.2917706000E-11
MFOLD   = 5.9740000000E+24
RFOLD   = 6.3710240000E+06
MHOLD   = 7.3470000000E+22
RHOLD   = 1.7380000000E+06
DFOHOLD = 3.8440400000E+08
G       = 9.8066500000E+00
G0      = 9.7804900000E+00
GBP     = 9.8085200000E+00
G90     = 9.8322100000E+00
KOZMV1  = 7.9120000000E+03
KOZMV2  = 1.1189000000E+04
KOZMV3  = 4.2100000000E+04
HGEOSTAC= 3.5680000000E+04
THUBBLE = 2.4000000000E+10
GAMMAP  = 2.6751987000E+08
C1      = 3.7418320000E-16
C2      = 1.4387860000E-02
SZIGMA  = 5.6703200000E-08
FI0     = 2.0678506000E-15
RYDBERG = 1.0973731770E+07
ALFA    = 7.2973506000E-03
CVIZ    = 4.1832320000E+03
DEKA    = 1.0000000000E+01
HEKTO   = 1.0000000000E+02
KILO    = 1.0000000000E+03
MEGA    = 1.0000000000E+06
GIGA    = 1.0000000000E+09
TERA    = 1.0000000000E+12
PETA    = 1.0000000000E+15
EXA     = 1.0000000000E+18
DECI    = 1.0000000000E-01
CENTI   = 1.0000000000E-02
MILLI   = 1.0000000000E-03
MIKRO   = 1.0000000000E-06
NANO    = 1.0000000000E-09
PIKO    = 1.0000000000E-12
FEMTO   = 1.0000000000E-15
ATTO    = 1.0000000000E-18
ANGSTROM= 1.0000000000E-10
FENYEV  = 9.4605000000E+15
PARSEC  = 3.0857000000E+16
LITER   = 1.0000000000E-03
MAZSA   = 1.0000000000E+02
TONNA   = 1.0000000000E+03
PERC    = 6.0000000000E+01
ORA     = 3.6000000000E+03
NAP     = 8.6400000000E+04
DYN     = 1.0000000000E-05
KPOND   = 9.8066500000E+00
TORR    = 1.3332200000E+02
ATM     = 1.0132500000E+05
BAR     = 1.0000000000E+05
POISE   = 1.0000000000E-01
STOKES  = 1.0000000000E-04
CAL     = 4.1868000000E+00
KCAL    = 4.1868000000E+03
ERG     = 1.0000000000E-07
WATTORA = 3.6000000000E+03
KWH     = 3.6000000000E+06
EVOLT   = 1.6021900000E-19
LE      = 7.3550000000E+02
BIOT    = 1.0000000000E+01
FRANKLIN= 3.3333333333E-10
GAUSS   = 1.0000000000E-04
MAXWELL = 1.0000000000E-08
OERSTED = 7.9577471546E+01
CURIE   = 3.7000000000E+10
RD      = 1.0000000000E-02
RONTGEN = 2.5800000000E-04
