; FORMULA 2.0 definition file

[Constants:]
DRAM    = 1.7700000000E-03
OUNCE   = 2.8350000000E-02
OZ      = 2.8350000000E-02
POUND   = 4.5360000000E-01
LB      = 4.5360000000E-01
STONE   = 6.3500000000E+00
QUARTERW= 1.2700000000E+01
GBHWT   = 5.0800000000E+01
USHWT   = 4.5360000000E+01
BTON    = 1.0160500000E+03
GILL    = 1.4200000000E-01
PINT    = 5.6800000000E-01
QUART   = 1.1360000000E+00
GALLON  = 4.5430000000E+00
PECK    = 9.0970000000E+00
BUSHEL  = 3.6348000000E+01
QUARTERC= 2.9078900000E+02
LINE    = 2.5400000000E-03
INCH    = 2.5400000000E-02
FOOT    = 3.0480000000E-01
YARD    = 9.1440000000E-01
FATHOM  = 1.8300000000E+00
POLE    = 5.0300000000E+00
PERCH   = 5.0300000000E+00
ROD     = 5.0300000000E+00
FURLONG = 2.0116000000E+02
MILE    = 1.6093300000E+03
NAUTMILE= 1.8520000000E+03
LEAGUE  = 4.8280000000E+00
NLEAGUE = 5.5560000000E+00
SQINCH  = 6.4500000000E-04
SQFOOT  = 9.2910000000E-02
SQYARD  = 8.3600000000E-01
SQUARE  = 9.2900000000E+00
ACRE    = 4.0467800000E+03
SQMILE  = 2.5900000000E+06
KATHOLD = 5.7564400000E+03
HEKTAR  = 1.0000000000E+04
NSZOGOL = 3.6000000000E+00
CUBINCH = 1.6380000000E-05
CUBFOOT = 2.8316080000E-02
CUBYARD = 7.6400000000E-01
REGISTON= 2.8310000000E+00
PENCE   = 1.0000000000E-02
QUARTER = 2.5000000000E-01
DIME    = 1.0000000000E-01
NICKEL  = 5.0000000000E-02

[Functions:]
FAHRENH (1)=9 X / 5 + 32
CELSIUS (1)=5 (X - 32) / 9
